1.000000000000000000e+01
1.300000000000000000e+01
1.700000000000000000e+01
1.800000000000000000e+01
2.100000000000000000e+01
2.300000000000000000e+01
2.400000000000000000e+01
2.500000000000000000e+01
2.600000000000000000e+01
2.700000000000000000e+01
3.100000000000000000e+01
3.500000000000000000e+01
3.600000000000000000e+01
3.600000000000000000e+01
4.000000000000000000e+01
4.200000000000000000e+01
4.700000000000000000e+01
4.900000000000000000e+01
5.000000000000000000e+01
5.400000000000000000e+01
5.800000000000000000e+01
5.900000000000000000e+01
6.000000000000000000e+01
6.000000000000000000e+01
6.200000000000000000e+01
6.600000000000000000e+01
6.700000000000000000e+01
7.100000000000000000e+01
7.300000000000000000e+01
8.300000000000000000e+01
9.000000000000000000e+01
1.130000000000000000e+02
1.190000000000000000e+02
1.210000000000000000e+02
1.260000000000000000e+02
1.310000000000000000e+02
1.370000000000000000e+02
1.410000000000000000e+02
1.490000000000000000e+02
1.570000000000000000e+02
1.690000000000000000e+02
1.750000000000000000e+02
1.770000000000000000e+02
1.850000000000000000e+02
1.900000000000000000e+02
2.000000000000000000e+02
2.060000000000000000e+02
2.100000000000000000e+02
2.190000000000000000e+02
2.250000000000000000e+02
2.450000000000000000e+02
2.590000000000000000e+02
2.770000000000000000e+02
2.880000000000000000e+02
3.000000000000000000e+02
3.200000000000000000e+02
3.460000000000000000e+02
3.680000000000000000e+02
4.000000000000000000e+02
4.190000000000000000e+02
4.690000000000000000e+02
5.350000000000000000e+02
5.940000000000000000e+02
6.540000000000000000e+02
7.280000000000000000e+02
8.240000000000000000e+02
9.220000000000000000e+02
1.049000000000000000e+03
1.239000000000000000e+03
1.458000000000000000e+03
1.676000000000000000e+03
1.966000000000000000e+03
2.239000000000000000e+03
2.540000000000000000e+03
2.940000000000000000e+03
3.389000000000000000e+03
3.807000000000000000e+03
4.235000000000000000e+03
4.717000000000000000e+03
5.437000000000000000e+03
6.078000000000000000e+03
6.665000000000000000e+03
7.411000000000000000e+03
8.076000000000000000e+03
8.859000000000000000e+03
9.557000000000000000e+03
1.031800000000000000e+04
1.107900000000000000e+04
1.190000000000000000e+04
1.300200000000000000e+04
1.399300000000000000e+04
1.534200000000000000e+04
1.650600000000000000e+04
1.784100000000000000e+04
1.913300000000000000e+04
2.038900000000000000e+04
2.182100000000000000e+04
2.324400000000000000e+04
2.472800000000000000e+04
2.615000000000000000e+04
2.791000000000000000e+04
2.938900000000000000e+04
3.102900000000000000e+04
3.274700000000000000e+04
3.444200000000000000e+04
3.632500000000000000e+04
3.817900000000000000e+04
4.012300000000000000e+04
4.195800000000000000e+04
4.374100000000000000e+04
4.608300000000000000e+04
4.803000000000000000e+04
5.002700000000000000e+04
5.202200000000000000e+04
5.407600000000000000e+04
5.590600000000000000e+04
5.778300000000000000e+04
5.985400000000000000e+04
6.188500000000000000e+04
6.362600000000000000e+04
6.564700000000000000e+04
6.787100000000000000e+04
6.978200000000000000e+04
7.181000000000000000e+04
7.398300000000000000e+04
7.623100000000000000e+04
7.841200000000000000e+04
8.074500000000000000e+04
8.305700000000000000e+04
8.539700000000000000e+04
8.813300000000000000e+04
9.102000000000000000e+04
9.386100000000000000e+04
9.677000000000000000e+04
9.983000000000000000e+04
1.032630000000000000e+05
1.063020000000000000e+05
1.094830000000000000e+05
1.133460000000000000e+05
1.167330000000000000e+05
1.208370000000000000e+05
1.242590000000000000e+05
1.277730000000000000e+05
1.312780000000000000e+05
1.347530000000000000e+05
1.389380000000000000e+05
1.430310000000000000e+05
1.470460000000000000e+05
1.510410000000000000e+05
1.549170000000000000e+05
1.586440000000000000e+05
1.623200000000000000e+05
1.676090000000000000e+05
1.722030000000000000e+05
1.769290000000000000e+05
1.817980000000000000e+05
1.867800000000000000e+05
1.917620000000000000e+05
1.965250000000000000e+05
2.021020000000000000e+05
2.075650000000000000e+05
2.138560000000000000e+05
2.194190000000000000e+05
2.255810000000000000e+05
2.313100000000000000e+05
2.372750000000000000e+05
2.444770000000000000e+05
2.521350000000000000e+05
2.592520000000000000e+05
2.666400000000000000e+05
2.741940000000000000e+05
2.826720000000000000e+05
2.900100000000000000e+05
2.987240000000000000e+05
3.068370000000000000e+05
3.146980000000000000e+05
3.226030000000000000e+05
3.307460000000000000e+05
3.381130000000000000e+05
3.456350000000000000e+05
3.541940000000000000e+05
3.624510000000000000e+05
3.725450000000000000e+05
3.809680000000000000e+05
3.900240000000000000e+05
3.984810000000000000e+05
4.074130000000000000e+05
4.176690000000000000e+05
4.280590000000000000e+05
4.380130000000000000e+05
4.478580000000000000e+05
4.593930000000000000e+05
4.693850000000000000e+05
4.801080000000000000e+05
4.924820000000000000e+05
5.043640000000000000e+05
5.170960000000000000e+05
5.291120000000000000e+05
5.417270000000000000e+05
5.539270000000000000e+05
5.661560000000000000e+05
5.825440000000000000e+05
5.959000000000000000e+05
6.092150000000000000e+05
6.224530000000000000e+05
6.359270000000000000e+05
6.495520000000000000e+05
6.634450000000000000e+05
6.799090000000000000e+05
6.950110000000000000e+05
7.098590000000000000e+05
7.250480000000000000e+05
7.404410000000000000e+05
7.586780000000000000e+05
7.751100000000000000e+05
7.941450000000000000e+05
8.116480000000000000e+05
8.289520000000000000e+05
8.460770000000000000e+05
8.634530000000000000e+05
8.804450000000000000e+05
8.968940000000000000e+05
9.175930000000000000e+05
9.347480000000000000e+05
9.521800000000000000e+05
9.692900000000000000e+05
9.865760000000000000e+05
1.003571000000000000e+06
1.020690000000000000e+06
1.040019000000000000e+06
1.060555000000000000e+06
1.080039000000000000e+06
1.102415000000000000e+06
1.122734000000000000e+06
1.142508000000000000e+06
1.163314000000000000e+06
1.187313000000000000e+06
1.210324000000000000e+06
1.232881000000000000e+06
1.255123000000000000e+06
1.278516000000000000e+06
1.298541000000000000e+06
1.320414000000000000e+06
1.344767000000000000e+06
1.371192000000000000e+06
1.395217000000000000e+06
1.418954000000000000e+06
1.442974000000000000e+06
1.466094000000000000e+06
1.489079000000000000e+06
1.515730000000000000e+06
1.540714000000000000e+06
1.565301000000000000e+06
1.591083000000000000e+06
1.614156000000000000e+06
1.636509000000000000e+06
1.659392000000000000e+06
1.685419000000000000e+06
1.710893000000000000e+06
1.734816000000000000e+06
1.758216000000000000e+06
1.782570000000000000e+06
1.805475000000000000e+06
1.831575000000000000e+06
1.857747000000000000e+06
1.882886000000000000e+06
1.907979000000000000e+06
1.932693000000000000e+06
1.958297000000000000e+06
1.982169000000000000e+06
2.006919000000000000e+06
2.035690000000000000e+06
2.062130000000000000e+06
2.088322000000000000e+06
2.117126000000000000e+06
2.143510000000000000e+06
2.169003000000000000e+06
2.193882000000000000e+06
2.223411000000000000e+06
2.250820000000000000e+06
2.277820000000000000e+06
2.304624000000000000e+06
2.332231000000000000e+06
2.360949000000000000e+06
2.386932000000000000e+06
2.417337000000000000e+06
2.448799000000000000e+06
2.479752000000000000e+06
2.510642000000000000e+06
2.540713000000000000e+06
2.568374000000000000e+06
2.597267000000000000e+06
2.629483000000000000e+06
2.661701000000000000e+06
2.690118000000000000e+06
2.717517000000000000e+06
2.743835000000000000e+06
2.768796000000000000e+06
2.795054000000000000e+06
2.823484000000000000e+06
2.850789000000000000e+06
2.877331000000000000e+06
2.903463000000000000e+06
2.930542000000000000e+06
2.954491000000000000e+06
2.982523000000000000e+06
3.012771000000000000e+06
3.043850000000000000e+06
3.074876000000000000e+06
3.104859000000000000e+06
3.133112000000000000e+06
3.158413000000000000e+06
3.181626000000000000e+06
3.204416000000000000e+06
3.222985000000000000e+06
3.236399000000000000e+06
3.243523000000000000e+06
3.247103000000000000e+06
3.247872000000000000e+06
